000011111
110111110
010000000
001000000
010000001
000100000
110100001
010000000
001000000
010000010
001100000
010001000
000100000
110100001
010000000
001000000
010000011
000100000
110100001
010000000
000100001
110111111
110111111
110100010
010000100
000011111
110100001
010000101
000100011
100100101
101100000
101000000
010000110
110000000
101100000
101100000
101100000
101100000
101100000
101100000
101100000
100000110
010100000
000100000
110100001
010000000
000100011
101100000
010001001
000101000
011100011
110000000
100001001
010000011
000100000
111000100
011001001
000011111
110111111
110111111
110111111
110100100
010001001
000000000
010001010
001001010
100100011
101100000
101000000
010000101
110000000
101100000
101100000
101100000
101100000
101100000
101100000
101100000
100000101
010100000
000100000
110100001
010000000
000100011
101100000
010000111
000101000
011100011
110000000
100000111
010000011
000101010
110100001
010001010
000100000
111001001
011001010
111100000
