000011111
110100001
010000001
110111111
110100001
010000000
001000000
010000010
100100001
010000011
000000000
010000100
110101001
010000101
000011111
110111111
110100010
010000110
110101010
010000111
000100011
010001000
001000110
100101000
101100000
101000000
111000001
011001011
000100100
001100000
010001001
011101000
110000000
010001010
000101000
101100000
100001010
010001000
000100110
110100001
010000110
111000111
011001100
000000000
010001011
000100000
010001100
110100000
010001101
000100011
010001000
001001100
100101000
101100000
101000000
010101011
000101000
101100000
010001110
000101000
011101001
110000000
100001110
010001000
000101100
110100001
010001100
000101011
110100001
010001011
111000000
011001101
111100000
000100100
110100001
010000100
111000101
011001110
111100000
